# oST version 5.0 parameters


[image]

width
640

height
480

[narrow_stereo]

camera matrix
619.230907 0.000000 313.402688
0.000000 626.619191 260.155993
0.000000 0.000000 1.000000

distortion
0.096526 -0.452435 0.001439 0.001814 0.000000

rectification
1.000000 0.000000 0.000000
0.000000 1.000000 0.000000
0.000000 0.000000 1.000000

projection
614.704956 0.000000 313.810846 0.000000
0.000000 629.039429 260.778216 0.000000
0.000000 0.000000 1.000000 0.000000

